100.000
94.400
100.000
100.000
100.000
100.000
100.000
100.000
100.000
100.000
100.000
93.300
100.000
98.300
96.000
100.000
100.000
100.000
99.600
91.700
100.000
93.900
100.000
100.000
100.000
100.000
100.000
100.000
100.000
100.000
100.000
100.000
100.000
96.100
100.000
97.300
100.000
100.000
100.000
84.200
100.000
100.000
100.000
100.000
100.000
99.600
100.000
100.000
100.000
93.800
100.000
93.900
100.000
100.000
90.900
100.000
97.000
100.000
100.000
91.900
100.000
100.000
100.000
92.100
100.000
100.000
94.300
99.600
100.000
100.000
100.000
100.000
100.000
97.600
100.000
100.000
100.000
89.500
82.300
100.000
100.000
100.000
100.000
100.000
100.000
84.700
97.200
91.500
100.000
100.000
90.500
100.000
84.700
96.800
100.000
98.900
100.000
100.000
100.000
100.000
100.000
92.100
91.500
96.900
100.000
100.000
100.000
93.800
91.100
100.000
100.000
100.000
87.500
95.300
87.400
87.400
100.000
100.000
100.000
91.300
83.800
94.200
100.000
100.000
100.000
90.600
100.000
96.600
100.000
100.000
100.000
91.300
93.300
100.000
100.000
100.000
100.000
93.300
100.000
100.000
100.000
100.000
100.000
91.300
100.000
90.800
100.000
100.000
100.000
97.100
91.600
97.900
100.000
100.000
100.000
100.000
99.700
97.300
100.000
100.000
94.600
100.000
100.000
100.000
99.700
91.300
100.000
100.000
100.000
90.100
92.000
99.200
94.400
100.000
95.600
92.800
100.000
95.700
100.000
95.700
100.000
100.000
100.000
100.000
100.000
100.000
100.000
99.500
88.200
91.000
100.000
94.200
100.000
100.000
100.000
100.000
100.000
100.000
100.000
100.000
