99.530
99.140
99.100
99.790
99.440
98.350
99.680
98.540
97.800
99.060
100.000
97.760
98.970
99.880
99.040
100.000
98.010
99.320
99.710
99.340
98.770
99.650
97.870
99.400
99.250
99.130
98.800
99.750
99.180
98.570
99.400
98.250
99.740
97.080
98.810
97.780
99.240
97.990
98.300
98.680
98.460
98.830
98.800
99.090
99.540
98.480
99.590
99.100
98.550
99.120
98.490
98.920
99.220
98.920
98.360
99.260
98.290
98.530
98.730
97.370
99.290
98.970
97.880
98.630
98.070
98.110
98.820
98.510
97.890
99.390
98.480
99.400
97.560
98.050
99.000
99.080
99.480
97.580
98.770
98.730
99.290
97.810
98.480
98.430
98.290
98.910
98.870
98.620
96.930
98.900
99.930
98.770
98.230
99.680
98.610
97.300
97.000
99.310
99.660
98.820
